36 2 -9 -43 -43 -9 2 36 
2 63 88 -46 -46 88 63 2 
-9 88 87 -76 -76 87 88 -9 
-43 -46 -76 -100 -100 -76 -46 -43 
-43 -46 -76 -100 -100 -76 -46 -43 
-9 88 87 -76 -76 87 88 -9 
2 63 88 -46 -46 88 63 2 
36 2 -9 -43 -43 -9 2 36 
Score: another_mask: 70  mask: 58

72 13 -7 -14 -14 -7 13 72 
13 19 -21 37 37 -21 19 13 
-7 -21 -93 -23 -23 -93 -21 -7 
-14 37 -23 11 11 -23 37 -14 
-14 37 -23 11 11 -23 37 -14 
-7 -21 -93 -23 -23 -93 -21 -7 
13 19 -21 37 37 -21 19 13 
72 13 -7 -14 -14 -7 13 72 
Score: another_mask: 81  mask: 47

-87 5 82 33 33 82 5 -87 
5 -68 -97 -92 -92 -97 -68 5 
82 -97 -71 -69 -69 -71 -97 82 
33 -92 -69 33 33 -69 -92 33 
33 -92 -69 33 33 -69 -92 33 
82 -97 -71 -69 -69 -71 -97 82 
5 -68 -97 -92 -92 -97 -68 5 
-87 5 82 33 33 82 5 -87 
Score: another_mask: 71  mask: 57

85 79 -35 91 91 -35 79 85 
79 0 -85 -33 -33 -85 0 79 
-35 -85 -92 -11 -11 -92 -85 -35 
91 -33 -11 -87 -87 -11 -33 91 
91 -33 -11 -87 -87 -11 -33 91 
-35 -85 -92 -11 -11 -92 -85 -35 
79 0 -85 -33 -33 -85 0 79 
85 79 -35 91 91 -35 79 85 
Score: another_mask: 70  mask: 57

93 -44 87 27 27 87 -44 93 
-44 -50 -97 -46 -46 -97 -50 -44 
87 -97 21 100 100 21 -97 87 
27 -46 100 -38 -38 100 -46 27 
27 -46 100 -38 -38 100 -46 27 
87 -97 21 100 100 21 -97 87 
-44 -50 -97 -46 -46 -97 -50 -44 
93 -44 87 27 27 87 -44 93 
Score: another_mask: 71  mask: 57

-21 -43 12 35 35 12 -43 -21 
-43 27 -98 -92 -92 -98 27 -43 
12 -98 -3 -17 -17 -3 -98 12 
35 -92 -17 76 76 -17 -92 35 
35 -92 -17 76 76 -17 -92 35 
12 -98 -3 -17 -17 -3 -98 12 
-43 27 -98 -92 -92 -98 27 -43 
-21 -43 12 35 35 12 -43 -21 
Score: another_mask: 71  mask: 57

100 1 48 9 9 48 1 100 
1 -46 27 92 92 27 -46 1 
48 27 -30 -49 -49 -30 27 48 
9 92 -49 -62 -62 -49 92 9 
9 92 -49 -62 -62 -49 92 9 
48 27 -30 -49 -49 -30 27 48 
1 -46 27 92 92 27 -46 1 
100 1 48 9 9 48 1 100 
Score: another_mask: 65  mask: 63

-36 -21 9 83 83 9 -21 -36 
-21 -61 -38 -38 -38 -38 -61 -21 
9 -38 64 -59 -59 64 -38 9 
83 -38 -59 77 77 -59 -38 83 
83 -38 -59 77 77 -59 -38 83 
9 -38 64 -59 -59 64 -38 9 
-21 -61 -38 -38 -38 -38 -61 -21 
-36 -21 9 83 83 9 -21 -36 
Score: another_mask: 67  mask: 61

56 88 -40 -66 -66 -40 88 56 
88 -22 -73 -15 -15 -73 -22 88 
-40 -73 91 3 3 91 -73 -40 
-66 -15 3 -2 -2 3 -15 -66 
-66 -15 3 -2 -2 3 -15 -66 
-40 -73 91 3 3 91 -73 -40 
88 -22 -73 -15 -15 -73 -22 88 
56 88 -40 -66 -66 -40 88 56 
Score: another_mask: 69  mask: 59

-51 56 81 -10 -10 81 56 -51 
56 69 62 41 41 62 69 56 
81 62 29 64 64 29 62 81 
-10 41 64 -20 -20 64 41 -10 
-10 41 64 -20 -20 64 41 -10 
81 62 29 64 64 29 62 81 
56 69 62 41 41 62 69 56 
-51 56 81 -10 -10 81 56 -51 
Score: another_mask: 93  mask: 34

-13 68 46 33 33 46 68 -13 
68 31 48 -22 -22 48 31 68 
46 48 56 27 27 56 48 46 
33 -22 27 -31 -31 27 -22 33 
33 -22 27 -31 -31 27 -22 33 
46 48 56 27 27 56 48 46 
68 31 48 -22 -22 48 31 68 
-13 68 46 33 33 46 68 -13 
Score: another_mask: 66  mask: 62

87 86 -24 48 48 -24 86 87 
86 80 -99 -9 -9 -99 80 86 
-24 -99 -2 -37 -37 -2 -99 -24 
48 -9 -37 -49 -49 -37 -9 48 
48 -9 -37 -49 -49 -37 -9 48 
-24 -99 -2 -37 -37 -2 -99 -24 
86 80 -99 -9 -9 -99 80 86 
87 86 -24 48 48 -24 86 87 
Score: another_mask: 76  mask: 52

-55 30 76 68 68 76 30 -55 
30 -70 -94 -52 -52 -94 -70 30 
76 -94 -45 -90 -90 -45 -94 76 
68 -52 -90 9 9 -90 -52 68 
68 -52 -90 9 9 -90 -52 68 
76 -94 -45 -90 -90 -45 -94 76 
30 -70 -94 -52 -52 -94 -70 30 
-55 30 76 68 68 76 30 -55 
Score: another_mask: 73  mask: 55

92 -74 71 85 85 71 -74 92 
-74 -29 90 -35 -35 90 -29 -74 
71 90 30 -14 -14 30 90 71 
85 -35 -14 -96 -96 -14 -35 85 
85 -35 -14 -96 -96 -14 -35 85 
71 90 30 -14 -14 30 90 71 
-74 -29 90 -35 -35 90 -29 -74 
92 -74 71 85 85 71 -74 92 
Score: another_mask: 76  mask: 52

89 100 13 -34 -34 13 100 89 
100 60 -24 -51 -51 -24 60 100 
13 -24 -63 -93 -93 -63 -24 13 
-34 -51 -93 -64 -64 -93 -51 -34 
-34 -51 -93 -64 -64 -93 -51 -34 
13 -24 -63 -93 -93 -63 -24 13 
100 60 -24 -51 -51 -24 60 100 
89 100 13 -34 -34 13 100 89 
Score: another_mask: 70  mask: 58

-73 38 -60 -90 -90 -60 38 -73 
38 -75 -61 -28 -28 -61 -75 38 
-60 -61 1 -38 -38 1 -61 -60 
-90 -28 -38 89 89 -38 -28 -90 
-90 -28 -38 89 89 -38 -28 -90 
-60 -61 1 -38 -38 1 -61 -60 
38 -75 -61 -28 -28 -61 -75 38 
-73 38 -60 -90 -90 -60 38 -73 
Score: another_mask: 70  mask: 58

-93 -45 -89 81 81 -89 -45 -93 
-45 28 -93 -45 -45 -93 28 -45 
-89 -93 34 69 69 34 -93 -89 
81 -45 69 -23 -23 69 -45 81 
81 -45 69 -23 -23 69 -45 81 
-89 -93 34 69 69 34 -93 -89 
-45 28 -93 -45 -45 -93 28 -45 
-93 -45 -89 81 81 -89 -45 -93 
Score: another_mask: 65  mask: 63

-2 99 -15 -12 -12 -15 99 -2 
99 -84 -77 -54 -54 -77 -84 99 
-15 -77 73 -72 -72 73 -77 -15 
-12 -54 -72 54 54 -72 -54 -12 
-12 -54 -72 54 54 -72 -54 -12 
-15 -77 73 -72 -72 73 -77 -15 
99 -84 -77 -54 -54 -77 -84 99 
-2 99 -15 -12 -12 -15 99 -2 
Score: another_mask: 67  mask: 61

-17 87 -11 80 80 -11 87 -17 
87 -49 25 69 69 25 -49 87 
-11 25 86 -50 -50 86 25 -11 
80 69 -50 10 10 -50 69 80 
80 69 -50 10 10 -50 69 80 
-11 25 86 -50 -50 86 25 -11 
87 -49 25 69 69 25 -49 87 
-17 87 -11 80 80 -11 87 -17 
Score: another_mask: 71  mask: 57

80 -86 61 67 67 61 -86 80 
-86 44 -63 -35 -35 -63 44 -86 
61 -63 -59 -18 -18 -59 -63 61 
67 -35 -18 25 25 -18 -35 67 
67 -35 -18 25 25 -18 -35 67 
61 -63 -59 -18 -18 -59 -63 61 
-86 44 -63 -35 -35 -63 44 -86 
80 -86 61 67 67 61 -86 80 
Score: another_mask: 66  mask: 62

-68 0 29 38 38 29 0 -68 
0 -30 -18 -20 -20 -18 -30 0 
29 -18 41 42 42 41 -18 29 
38 -20 42 -70 -70 42 -20 38 
38 -20 42 -70 -70 42 -20 38 
29 -18 41 42 42 41 -18 29 
0 -30 -18 -20 -20 -18 -30 0 
-68 0 29 38 38 29 0 -68 
Score: another_mask: 71  mask: 57

57 74 92 19 19 92 74 57 
74 90 -98 64 64 -98 90 74 
92 -98 -78 -90 -90 -78 -98 92 
19 64 -90 -43 -43 -90 64 19 
19 64 -90 -43 -43 -90 64 19 
92 -98 -78 -90 -90 -78 -98 92 
74 90 -98 64 64 -98 90 74 
57 74 92 19 19 92 74 57 
Score: another_mask: 77  mask: 51

-67 -25 22 -37 -37 22 -25 -67 
-25 78 -54 -30 -30 -54 78 -25 
22 -54 9 1 1 9 -54 22 
-37 -30 1 21 21 1 -30 -37 
-37 -30 1 21 21 1 -30 -37 
22 -54 9 1 1 9 -54 22 
-25 78 -54 -30 -30 -54 78 -25 
-67 -25 22 -37 -37 22 -25 -67 
Score: another_mask: 69  mask: 59

78 -74 96 -1 -1 96 -74 78 
-74 45 100 -33 -33 100 45 -74 
96 100 -57 22 22 -57 100 96 
-1 -33 22 -42 -42 22 -33 -1 
-1 -33 22 -42 -42 22 -33 -1 
96 100 -57 22 22 -57 100 96 
-74 45 100 -33 -33 100 45 -74 
78 -74 96 -1 -1 96 -74 78 
Score: another_mask: 77  mask: 51

75 81 80 79 79 80 81 75 
81 -23 -93 89 89 -93 -23 81 
80 -93 21 63 63 21 -93 80 
79 89 63 -69 -69 63 89 79 
79 89 63 -69 -69 63 89 79 
80 -93 21 63 63 21 -93 80 
81 -23 -93 89 89 -93 -23 81 
75 81 80 79 79 80 81 75 
Score: another_mask: 66  mask: 62

26 -75 57 94 94 57 -75 26 
-75 15 39 47 47 39 15 -75 
57 39 -36 -23 -23 -36 39 57 
94 47 -23 -55 -55 -23 47 94 
94 47 -23 -55 -55 -23 47 94 
57 39 -36 -23 -23 -36 39 57 
-75 15 39 47 47 39 15 -75 
26 -75 57 94 94 57 -75 26 
Score: another_mask: 92  mask: 34

86 91 -6 0 0 -6 91 86 
91 -66 -14 80 80 -14 -66 91 
-6 -14 40 41 41 40 -14 -6 
0 80 41 87 87 41 80 0 
0 80 41 87 87 41 80 0 
-6 -14 40 41 41 40 -14 -6 
91 -66 -14 80 80 -14 -66 91 
86 91 -6 0 0 -6 91 86 
Score: another_mask: 65  mask: 63

-21 88 21 -84 -84 21 88 -21 
88 41 -77 -76 -76 -77 41 88 
21 -77 72 -69 -69 72 -77 21 
-84 -76 -69 -44 -44 -69 -76 -84 
-84 -76 -69 -44 -44 -69 -76 -84 
21 -77 72 -69 -69 72 -77 21 
88 41 -77 -76 -76 -77 41 88 
-21 88 21 -84 -84 21 88 -21 
Score: another_mask: 67  mask: 61

41 40 -57 73 73 -57 40 41 
40 63 47 26 26 47 63 40 
-57 47 17 16 16 17 47 -57 
73 26 16 55 55 16 26 73 
73 26 16 55 55 16 26 73 
-57 47 17 16 16 17 47 -57 
40 63 47 26 26 47 63 40 
41 40 -57 73 73 -57 40 41 
Score: another_mask: 72  mask: 56

-87 72 95 17 17 95 72 -87 
72 -57 -81 -48 -48 -81 -57 72 
95 -81 -65 -4 -4 -65 -81 95 
17 -48 -4 19 19 -4 -48 17 
17 -48 -4 19 19 -4 -48 17 
95 -81 -65 -4 -4 -65 -81 95 
72 -57 -81 -48 -48 -81 -57 72 
-87 72 95 17 17 95 72 -87 
Score: another_mask: 80  mask: 48

-60 45 89 -86 -86 89 45 -60 
45 78 -76 -58 -58 -76 78 45 
89 -76 57 7 7 57 -76 89 
-86 -58 7 12 12 7 -58 -86 
-86 -58 7 12 12 7 -58 -86 
89 -76 57 7 7 57 -76 89 
45 78 -76 -58 -58 -76 78 45 
-60 45 89 -86 -86 89 45 -60 
Score: another_mask: 68  mask: 60

38 77 51 22 22 51 77 38 
77 95 -52 -20 -20 -52 95 77 
51 -52 -10 -23 -23 -10 -52 51 
22 -20 -23 -28 -28 -23 -20 22 
22 -20 -23 -28 -28 -23 -20 22 
51 -52 -10 -23 -23 -10 -52 51 
77 95 -52 -20 -20 -52 95 77 
38 77 51 22 22 51 77 38 
Score: another_mask: 78  mask: 50

-39 -85 86 -52 -52 86 -85 -39 
-85 -84 -57 4 4 -57 -84 -85 
86 -57 78 82 82 78 -57 86 
-52 4 82 -50 -50 82 4 -52 
-52 4 82 -50 -50 82 4 -52 
86 -57 78 82 82 78 -57 86 
-85 -84 -57 4 4 -57 -84 -85 
-39 -85 86 -52 -52 86 -85 -39 
Score: another_mask: 67  mask: 61

-11 -94 -76 76 76 -76 -94 -11 
-94 -42 -88 -40 -40 -88 -42 -94 
-76 -88 22 -49 -49 22 -88 -76 
76 -40 -49 -66 -66 -49 -40 76 
76 -40 -49 -66 -66 -49 -40 76 
-76 -88 22 -49 -49 22 -88 -76 
-94 -42 -88 -40 -40 -88 -42 -94 
-11 -94 -76 76 76 -76 -94 -11 
Score: another_mask: 67  mask: 61

-60 -88 71 43 43 71 -88 -60 
-88 -88 -54 29 29 -54 -88 -88 
71 -54 -91 -27 -27 -91 -54 71 
43 29 -27 -19 -19 -27 29 43 
43 29 -27 -19 -19 -27 29 43 
71 -54 -91 -27 -27 -91 -54 71 
-88 -88 -54 29 29 -54 -88 -88 
-60 -88 71 43 43 71 -88 -60 
Score: another_mask: 70  mask: 58

83 -92 -50 -85 -85 -50 -92 83 
-92 63 -74 8 8 -74 63 -92 
-50 -74 27 42 42 27 -74 -50 
-85 8 42 80 80 42 8 -85 
-85 8 42 80 80 42 8 -85 
-50 -74 27 42 42 27 -74 -50 
-92 63 -74 8 8 -74 63 -92 
83 -92 -50 -85 -85 -50 -92 83 
Score: another_mask: 70  mask: 58

-80 77 -95 -84 -84 -95 77 -80 
77 13 -42 85 85 -42 13 77 
-95 -42 15 -68 -68 15 -42 -95 
-84 85 -68 -57 -57 -68 85 -84 
-84 85 -68 -57 -57 -68 85 -84 
-95 -42 15 -68 -68 15 -42 -95 
77 13 -42 85 85 -42 13 77 
-80 77 -95 -84 -84 -95 77 -80 
Score: another_mask: 66  mask: 62

-46 -42 92 28 28 92 -42 -46 
-42 -4 58 82 82 58 -4 -42 
92 58 1 -35 -35 1 58 92 
28 82 -35 98 98 -35 82 28 
28 82 -35 98 98 -35 82 28 
92 58 1 -35 -35 1 58 92 
-42 -4 58 82 82 58 -4 -42 
-46 -42 92 28 28 92 -42 -46 
Score: another_mask: 68  mask: 60

72 90 7 40 40 7 90 72 
90 35 -12 -86 -86 -12 35 90 
7 -12 3 78 78 3 -12 7 
40 -86 78 -61 -61 78 -86 40 
40 -86 78 -61 -61 78 -86 40 
7 -12 3 78 78 3 -12 7 
90 35 -12 -86 -86 -12 35 90 
72 90 7 40 40 7 90 72 
Score: another_mask: 72  mask: 56

-82 -46 45 56 56 45 -46 -82 
-46 78 90 6 6 90 78 -46 
45 90 -60 14 14 -60 90 45 
56 6 14 -34 -34 14 6 56 
56 6 14 -34 -34 14 6 56 
45 90 -60 14 14 -60 90 45 
-46 78 90 6 6 90 78 -46 
-82 -46 45 56 56 45 -46 -82 
Score: another_mask: 89  mask: 38

77 47 13 57 57 13 47 77 
47 77 22 93 93 22 77 47 
13 22 83 68 68 83 22 13 
57 93 68 -32 -32 68 93 57 
57 93 68 -32 -32 68 93 57 
13 22 83 68 68 83 22 13 
47 77 22 93 93 22 77 47 
77 47 13 57 57 13 47 77 
Score: another_mask: 66  mask: 62

-28 -15 -6 -30 -30 -6 -15 -28 
-15 -69 30 -72 -72 30 -69 -15 
-6 30 -60 75 75 -60 30 -6 
-30 -72 75 -26 -26 75 -72 -30 
-30 -72 75 -26 -26 75 -72 -30 
-6 30 -60 75 75 -60 30 -6 
-15 -69 30 -72 -72 30 -69 -15 
-28 -15 -6 -30 -30 -6 -15 -28 
Score: another_mask: 67  mask: 61

34 -12 -63 -20 -20 -63 -12 34 
-12 58 32 22 22 32 58 -12 
-63 32 -56 -4 -4 -56 32 -63 
-20 22 -4 -53 -53 -4 22 -20 
-20 22 -4 -53 -53 -4 22 -20 
-63 32 -56 -4 -4 -56 32 -63 
-12 58 32 22 22 32 58 -12 
34 -12 -63 -20 -20 -63 -12 34 
Score: another_mask: 71  mask: 57

-50 99 -58 23 23 -58 99 -50 
99 35 -52 27 27 -52 35 99 
-58 -52 -90 -11 -11 -90 -52 -58 
23 27 -11 24 24 -11 27 23 
23 27 -11 24 24 -11 27 23 
-58 -52 -90 -11 -11 -90 -52 -58 
99 35 -52 27 27 -52 35 99 
-50 99 -58 23 23 -58 99 -50 
Score: another_mask: 69  mask: 59

21 -63 -54 59 59 -54 -63 21 
-63 24 16 21 21 16 24 -63 
-54 16 65 3 3 65 16 -54 
59 21 3 -29 -29 3 21 59 
59 21 3 -29 -29 3 21 59 
-54 16 65 3 3 65 16 -54 
-63 24 16 21 21 16 24 -63 
21 -63 -54 59 59 -54 -63 21 
Score: another_mask: 68  mask: 60

96 11 -72 73 73 -72 11 96 
11 4 81 -89 -89 81 4 11 
-72 81 26 -27 -27 26 81 -72 
73 -89 -27 -99 -99 -27 -89 73 
73 -89 -27 -99 -99 -27 -89 73 
-72 81 26 -27 -27 26 81 -72 
11 4 81 -89 -89 81 4 11 
96 11 -72 73 73 -72 11 96 
Score: another_mask: 142  mask: 112

-91 92 46 -53 -53 46 92 -91 
92 -100 -95 -74 -74 -95 -100 92 
46 -95 30 63 63 30 -95 46 
-53 -74 63 -76 -76 63 -74 -53 
-53 -74 63 -76 -76 63 -74 -53 
46 -95 30 63 63 30 -95 46 
92 -100 -95 -74 -74 -95 -100 92 
-91 92 46 -53 -53 46 92 -91 
Score: another_mask: 140  mask: 116

-12 66 5 14 14 5 66 -12 
66 -81 -98 33 33 -98 -81 66 
5 -98 -17 -79 -79 -17 -98 5 
14 33 -79 -12 -12 -79 33 14 
14 33 -79 -12 -12 -79 33 14 
5 -98 -17 -79 -79 -17 -98 5 
66 -81 -98 33 33 -98 -81 66 
-12 66 5 14 14 5 66 -12 
Score: another_mask: 133  mask: 123

-77 -79 65 17 17 65 -79 -77 
-79 -30 -86 -59 -59 -86 -30 -79 
65 -86 22 74 74 22 -86 65 
17 -59 74 4 4 74 -59 17 
17 -59 74 4 4 74 -59 17 
65 -86 22 74 74 22 -86 65 
-79 -30 -86 -59 -59 -86 -30 -79 
-77 -79 65 17 17 65 -79 -77 
Score: another_mask: 131  mask: 125

-41 51 -32 13 13 -32 51 -41 
51 -63 -56 -53 -53 -56 -63 51 
-32 -56 33 -2 -2 33 -56 -32 
13 -53 -2 -39 -39 -2 -53 13 
13 -53 -2 -39 -39 -2 -53 13 
-32 -56 33 -2 -2 33 -56 -32 
51 -63 -56 -53 -53 -56 -63 51 
-41 51 -32 13 13 -32 51 -41 
Score: another_mask: 136  mask: 120

92 15 49 -25 -25 49 15 92 
15 -55 -69 66 66 -69 -55 15 
49 -69 -68 -29 -29 -68 -69 49 
-25 66 -29 24 24 -29 66 -25 
-25 66 -29 24 24 -29 66 -25 
49 -69 -68 -29 -29 -68 -69 49 
15 -55 -69 66 66 -69 -55 15 
92 15 49 -25 -25 49 15 92 
Score: another_mask: 164  mask: 92

56 36 97 -46 -46 97 36 56 
36 -55 -46 -10 -10 -46 -55 36 
97 -46 -69 40 40 -69 -46 97 
-46 -10 40 8 8 40 -10 -46 
-46 -10 40 8 8 40 -10 -46 
97 -46 -69 40 40 -69 -46 97 
36 -55 -46 -10 -10 -46 -55 36 
56 36 97 -46 -46 97 36 56 
Score: another_mask: 131  mask: 125

97 -79 -23 42 42 -23 -79 97 
-79 1 -76 -89 -89 -76 1 -79 
-23 -76 71 41 41 71 -76 -23 
42 -89 41 -64 -64 41 -89 42 
42 -89 41 -64 -64 41 -89 42 
-23 -76 71 41 41 71 -76 -23 
-79 1 -76 -89 -89 -76 1 -79 
97 -79 -23 42 42 -23 -79 97 
Score: another_mask: 129  mask: 127

